date,value_raw,value_standardized,country,country_code,source_provider,source_url,COUNTRY,INDICATOR,UNIT,FREQUENCY
2000-01-01,24385857380.42118,24385.85738042118,argentina,ARG,imf,https://api.imf.org/external/sdmx/2.1/data/IL/ARG.TRGMV_REVS.USD.M?detail=full&startPeriod=2000-01,ARG,TRGMV_REVS,USD,M
2000-02-01,24750146338.74603,24750.146338746028,argentina,ARG,imf,https://api.imf.org/external/sdmx/2.1/data/IL/ARG.TRGMV_REVS.USD.M?detail=full&startPeriod=2000-01,ARG,TRGMV_REVS,USD,M
2000-03-01,24666499576.09164,24666.49957609164,argentina,ARG,imf,https://api.imf.org/external/sdmx/2.1/data/IL/ARG.TRGMV_REVS.USD.M?detail=full&startPeriod=2000-01,ARG,TRGMV_REVS,USD,M
2000-04-01,24764324457.40868,24764.32445740868,argentina,ARG,imf,https://api.imf.org/external/sdmx/2.1/data/IL/ARG.TRGMV_REVS.USD.M?detail=full&startPeriod=2000-01,ARG,TRGMV_REVS,USD,M
2000-05-01,23632934492.269,23632.934492269,argentina,ARG,imf,https://api.imf.org/external/sdmx/2.1/data/IL/ARG.TRGMV_REVS.USD.M?detail=full&startPeriod=2000-01,ARG,TRGMV_REVS,USD,M
2000-06-01,25774532759.99536,25774.53275999536,argentina,ARG,imf,https://api.imf.org/external/sdmx/2.1/data/IL/ARG.TRGMV_REVS.USD.M?detail=full&startPeriod=2000-01,ARG,TRGMV_REVS,USD,M
2000-07-01,26116211038.89605,26116.21103889605,argentina,ARG,imf,https://api.imf.org/external/sdmx/2.1/data/IL/ARG.TRGMV_REVS.USD.M?detail=full&startPeriod=2000-01,ARG,TRGMV_REVS,USD,M
2000-08-01,24639517122.52839,24639.51712252839,argentina,ARG,imf,https://api.imf.org/external/sdmx/2.1/data/IL/ARG.TRGMV_REVS.USD.M?detail=full&startPeriod=2000-01,ARG,TRGMV_REVS,USD,M
2000-09-01,24873027311.85195,24873.02731185195,argentina,ARG,imf,https://api.imf.org/external/sdmx/2.1/data/IL/ARG.TRGMV_REVS.USD.M?detail=full&startPeriod=2000-01,ARG,TRGMV_REVS,USD,M
2000-10-01,23252264048.35406,23252.26404835406,argentina,ARG,imf,https://api.imf.org/external/sdmx/2.1/data/IL/ARG.TRGMV_REVS.USD.M?detail=full&startPeriod=2000-01,ARG,TRGMV_REVS,USD,M
2000-11-01,22443824855.92089,22443.82485592089,argentina,ARG,imf,https://api.imf.org/external/sdmx/2.1/data/IL/ARG.TRGMV_REVS.USD.M?detail=full&startPeriod=2000-01,ARG,TRGMV_REVS,USD,M
2000-12-01,25152117244.41339,25152.11724441339,argentina,ARG,imf,https://api.imf.org/external/sdmx/2.1/data/IL/ARG.TRGMV_REVS.USD.M?detail=full&startPeriod=2000-01,ARG,TRGMV_REVS,USD,M
2001-01-01,25441425194.37058,25441.42519437058,argentina,ARG,imf,https://api.imf.org/external/sdmx/2.1/data/IL/ARG.TRGMV_REVS.USD.M?detail=full&startPeriod=2000-01,ARG,TRGMV_REVS,USD,M
2001-02-01,25371089191.47341,25371.089191473413,argentina,ARG,imf,https://api.imf.org/external/sdmx/2.1/data/IL/ARG.TRGMV_REVS.USD.M?detail=full&startPeriod=2000-01,ARG,TRGMV_REVS,USD,M
2001-03-01,21924266610.39747,21924.26661039747,argentina,ARG,imf,https://api.imf.org/external/sdmx/2.1/data/IL/ARG.TRGMV_REVS.USD.M?detail=full&startPeriod=2000-01,ARG,TRGMV_REVS,USD,M
2001-04-01,20545429641.78982,20545.429641789822,argentina,ARG,imf,https://api.imf.org/external/sdmx/2.1/data/IL/ARG.TRGMV_REVS.USD.M?detail=full&startPeriod=2000-01,ARG,TRGMV_REVS,USD,M
2001-05-01,20204657851.3555,20204.6578513555,argentina,ARG,imf,https://api.imf.org/external/sdmx/2.1/data/IL/ARG.TRGMV_REVS.USD.M?detail=full&startPeriod=2000-01,ARG,TRGMV_REVS,USD,M
2001-06-01,21080187828.73585,21080.187828735852,argentina,ARG,imf,https://api.imf.org/external/sdmx/2.1/data/IL/ARG.TRGMV_REVS.USD.M?detail=full&startPeriod=2000-01,ARG,TRGMV_REVS,USD,M
2001-07-01,16701696668.20191,16701.69666820191,argentina,ARG,imf,https://api.imf.org/external/sdmx/2.1/data/IL/ARG.TRGMV_REVS.USD.M?detail=full&startPeriod=2000-01,ARG,TRGMV_REVS,USD,M
2001-08-01,14402111533.02626,14402.11153302626,argentina,ARG,imf,https://api.imf.org/external/sdmx/2.1/data/IL/ARG.TRGMV_REVS.USD.M?detail=full&startPeriod=2000-01,ARG,TRGMV_REVS,USD,M
2001-09-01,20558138589.68278,20558.13858968278,argentina,ARG,imf,https://api.imf.org/external/sdmx/2.1/data/IL/ARG.TRGMV_REVS.USD.M?detail=full&startPeriod=2000-01,ARG,TRGMV_REVS,USD,M
2001-10-01,18059160342.927,18059.160342927,argentina,ARG,imf,https://api.imf.org/external/sdmx/2.1/data/IL/ARG.TRGMV_REVS.USD.M?detail=full&startPeriod=2000-01,ARG,TRGMV_REVS,USD,M
2001-11-01,14726028909.17919,14726.02890917919,argentina,ARG,imf,https://api.imf.org/external/sdmx/2.1/data/IL/ARG.TRGMV_REVS.USD.M?detail=full&startPeriod=2000-01,ARG,TRGMV_REVS,USD,M
2001-12-01,14555552759.61021,14555.552759610211,argentina,ARG,imf,https://api.imf.org/external/sdmx/2.1/data/IL/ARG.TRGMV_REVS.USD.M?detail=full&startPeriod=2000-01,ARG,TRGMV_REVS,USD,M
2002-01-01,13754887008.33721,13754.88700833721,argentina,ARG,imf,https://api.imf.org/external/sdmx/2.1/data/IL/ARG.TRGMV_REVS.USD.M?detail=full&startPeriod=2000-01,ARG,TRGMV_REVS,USD,M
2002-02-01,13905204653.64045,13905.204653640449,argentina,ARG,imf,https://api.imf.org/external/sdmx/2.1/data/IL/ARG.TRGMV_REVS.USD.M?detail=full&startPeriod=2000-01,ARG,TRGMV_REVS,USD,M
2002-03-01,12819480948.37733,12819.480948377332,argentina,ARG,imf,https://api.imf.org/external/sdmx/2.1/data/IL/ARG.TRGMV_REVS.USD.M?detail=full&startPeriod=2000-01,ARG,TRGMV_REVS,USD,M
2002-04-01,12223341903.23189,12223.341903231889,argentina,ARG,imf,https://api.imf.org/external/sdmx/2.1/data/IL/ARG.TRGMV_REVS.USD.M?detail=full&startPeriod=2000-01,ARG,TRGMV_REVS,USD,M
2002-05-01,10211525913.64614,10211.525913646139,argentina,ARG,imf,https://api.imf.org/external/sdmx/2.1/data/IL/ARG.TRGMV_REVS.USD.M?detail=full&startPeriod=2000-01,ARG,TRGMV_REVS,USD,M
2002-06-01,9650286032.03001,9650.28603203001,argentina,ARG,imf,https://api.imf.org/external/sdmx/2.1/data/IL/ARG.TRGMV_REVS.USD.M?detail=full&startPeriod=2000-01,ARG,TRGMV_REVS,USD,M
2002-07-01,9004677460.914722,9004.677460914723,argentina,ARG,imf,https://api.imf.org/external/sdmx/2.1/data/IL/ARG.TRGMV_REVS.USD.M?detail=full&startPeriod=2000-01,ARG,TRGMV_REVS,USD,M
2002-08-01,9124397500.987034,9124.397500987034,argentina,ARG,imf,https://api.imf.org/external/sdmx/2.1/data/IL/ARG.TRGMV_REVS.USD.M?detail=full&startPeriod=2000-01,ARG,TRGMV_REVS,USD,M
2002-09-01,9419369988.985071,9419.36998898507,argentina,ARG,imf,https://api.imf.org/external/sdmx/2.1/data/IL/ARG.TRGMV_REVS.USD.M?detail=full&startPeriod=2000-01,ARG,TRGMV_REVS,USD,M
2002-10-01,9897139403.905827,9897.139403905827,argentina,ARG,imf,https://api.imf.org/external/sdmx/2.1/data/IL/ARG.TRGMV_REVS.USD.M?detail=full&startPeriod=2000-01,ARG,TRGMV_REVS,USD,M
2002-11-01,10044187869.2452,10044.1878692452,argentina,ARG,imf,https://api.imf.org/external/sdmx/2.1/data/IL/ARG.TRGMV_REVS.USD.M?detail=full&startPeriod=2000-01,ARG,TRGMV_REVS,USD,M
2002-12-01,10492424818.73749,10492.42481873749,argentina,ARG,imf,https://api.imf.org/external/sdmx/2.1/data/IL/ARG.TRGMV_REVS.USD.M?detail=full&startPeriod=2000-01,ARG,TRGMV_REVS,USD,M
2003-01-01,9334228515.233852,9334.228515233852,argentina,ARG,imf,https://api.imf.org/external/sdmx/2.1/data/IL/ARG.TRGMV_REVS.USD.M?detail=full&startPeriod=2000-01,ARG,TRGMV_REVS,USD,M
2003-02-01,10296675397.17195,10296.67539717195,argentina,ARG,imf,https://api.imf.org/external/sdmx/2.1/data/IL/ARG.TRGMV_REVS.USD.M?detail=full&startPeriod=2000-01,ARG,TRGMV_REVS,USD,M
2003-03-01,10542117532.20691,10542.117532206908,argentina,ARG,imf,https://api.imf.org/external/sdmx/2.1/data/IL/ARG.TRGMV_REVS.USD.M?detail=full&startPeriod=2000-01,ARG,TRGMV_REVS,USD,M
2003-04-01,11001889764.97245,11001.88976497245,argentina,ARG,imf,https://api.imf.org/external/sdmx/2.1/data/IL/ARG.TRGMV_REVS.USD.M?detail=full&startPeriod=2000-01,ARG,TRGMV_REVS,USD,M
2003-05-01,11389132451.46723,11389.13245146723,argentina,ARG,imf,https://api.imf.org/external/sdmx/2.1/data/IL/ARG.TRGMV_REVS.USD.M?detail=full&startPeriod=2000-01,ARG,TRGMV_REVS,USD,M
2003-06-01,12186624330.61365,12186.62433061365,argentina,ARG,imf,https://api.imf.org/external/sdmx/2.1/data/IL/ARG.TRGMV_REVS.USD.M?detail=full&startPeriod=2000-01,ARG,TRGMV_REVS,USD,M
2003-07-01,13487444527.4138,13487.4445274138,argentina,ARG,imf,https://api.imf.org/external/sdmx/2.1/data/IL/ARG.TRGMV_REVS.USD.M?detail=full&startPeriod=2000-01,ARG,TRGMV_REVS,USD,M
2003-08-01,13600487772.77606,13600.48777277606,argentina,ARG,imf,https://api.imf.org/external/sdmx/2.1/data/IL/ARG.TRGMV_REVS.USD.M?detail=full&startPeriod=2000-01,ARG,TRGMV_REVS,USD,M
2003-09-01,13433247880.73976,13433.24788073976,argentina,ARG,imf,https://api.imf.org/external/sdmx/2.1/data/IL/ARG.TRGMV_REVS.USD.M?detail=full&startPeriod=2000-01,ARG,TRGMV_REVS,USD,M
2003-10-01,12918198180.57225,12918.19818057225,argentina,ARG,imf,https://api.imf.org/external/sdmx/2.1/data/IL/ARG.TRGMV_REVS.USD.M?detail=full&startPeriod=2000-01,ARG,TRGMV_REVS,USD,M
2003-11-01,13517662755.13834,13517.66275513834,argentina,ARG,imf,https://api.imf.org/external/sdmx/2.1/data/IL/ARG.TRGMV_REVS.USD.M?detail=full&startPeriod=2000-01,ARG,TRGMV_REVS,USD,M
2003-12-01,14157284136.36448,14157.284136364478,argentina,ARG,imf,https://api.imf.org/external/sdmx/2.1/data/IL/ARG.TRGMV_REVS.USD.M?detail=full&startPeriod=2000-01,ARG,TRGMV_REVS,USD,M
2004-01-01,14925182842.50396,14925.18284250396,argentina,ARG,imf,https://api.imf.org/external/sdmx/2.1/data/IL/ARG.TRGMV_REVS.USD.M?detail=full&startPeriod=2000-01,ARG,TRGMV_REVS,USD,M
2004-02-01,15014890032.81408,15014.890032814079,argentina,ARG,imf,https://api.imf.org/external/sdmx/2.1/data/IL/ARG.TRGMV_REVS.USD.M?detail=full&startPeriod=2000-01,ARG,TRGMV_REVS,USD,M
2004-03-01,15017118181.00152,15017.11818100152,argentina,ARG,imf,https://api.imf.org/external/sdmx/2.1/data/IL/ARG.TRGMV_REVS.USD.M?detail=full&startPeriod=2000-01,ARG,TRGMV_REVS,USD,M
2004-04-01,15741194113.66616,15741.19411366616,argentina,ARG,imf,https://api.imf.org/external/sdmx/2.1/data/IL/ARG.TRGMV_REVS.USD.M?detail=full&startPeriod=2000-01,ARG,TRGMV_REVS,USD,M
2004-05-01,16720380986.72582,16720.38098672582,argentina,ARG,imf,https://api.imf.org/external/sdmx/2.1/data/IL/ARG.TRGMV_REVS.USD.M?detail=full&startPeriod=2000-01,ARG,TRGMV_REVS,USD,M
2004-06-01,17468492774.2876,17468.492774287603,argentina,ARG,imf,https://api.imf.org/external/sdmx/2.1/data/IL/ARG.TRGMV_REVS.USD.M?detail=full&startPeriod=2000-01,ARG,TRGMV_REVS,USD,M
2004-07-01,18088637530.42688,18088.63753042688,argentina,ARG,imf,https://api.imf.org/external/sdmx/2.1/data/IL/ARG.TRGMV_REVS.USD.M?detail=full&startPeriod=2000-01,ARG,TRGMV_REVS,USD,M
2004-08-01,18080158794.7976,18080.1587947976,argentina,ARG,imf,https://api.imf.org/external/sdmx/2.1/data/IL/ARG.TRGMV_REVS.USD.M?detail=full&startPeriod=2000-01,ARG,TRGMV_REVS,USD,M
2004-09-01,18236458828.07005,18236.45882807005,argentina,ARG,imf,https://api.imf.org/external/sdmx/2.1/data/IL/ARG.TRGMV_REVS.USD.M?detail=full&startPeriod=2000-01,ARG,TRGMV_REVS,USD,M
2004-10-01,18607815970.4279,18607.8159704279,argentina,ARG,imf,https://api.imf.org/external/sdmx/2.1/data/IL/ARG.TRGMV_REVS.USD.M?detail=full&startPeriod=2000-01,ARG,TRGMV_REVS,USD,M
2004-11-01,18983876320.84155,18983.876320841548,argentina,ARG,imf,https://api.imf.org/external/sdmx/2.1/data/IL/ARG.TRGMV_REVS.USD.M?detail=full&startPeriod=2000-01,ARG,TRGMV_REVS,USD,M
2004-12-01,19659591803.9788,19659.5918039788,argentina,ARG,imf,https://api.imf.org/external/sdmx/2.1/data/IL/ARG.TRGMV_REVS.USD.M?detail=full&startPeriod=2000-01,ARG,TRGMV_REVS,USD,M
2005-01-01,20149245586.74238,20149.245586742378,argentina,ARG,imf,https://api.imf.org/external/sdmx/2.1/data/IL/ARG.TRGMV_REVS.USD.M?detail=full&startPeriod=2000-01,ARG,TRGMV_REVS,USD,M
2005-02-01,20798344852.70381,20798.344852703813,argentina,ARG,imf,https://api.imf.org/external/sdmx/2.1/data/IL/ARG.TRGMV_REVS.USD.M?detail=full&startPeriod=2000-01,ARG,TRGMV_REVS,USD,M
2005-03-01,20339394603.52305,20339.394603523047,argentina,ARG,imf,https://api.imf.org/external/sdmx/2.1/data/IL/ARG.TRGMV_REVS.USD.M?detail=full&startPeriod=2000-01,ARG,TRGMV_REVS,USD,M
2005-04-01,20908224331.48847,20908.22433148847,argentina,ARG,imf,https://api.imf.org/external/sdmx/2.1/data/IL/ARG.TRGMV_REVS.USD.M?detail=full&startPeriod=2000-01,ARG,TRGMV_REVS,USD,M
2005-05-01,22108251377.58871,22108.25137758871,argentina,ARG,imf,https://api.imf.org/external/sdmx/2.1/data/IL/ARG.TRGMV_REVS.USD.M?detail=full&startPeriod=2000-01,ARG,TRGMV_REVS,USD,M
2005-06-01,23054262065.05814,23054.26206505814,argentina,ARG,imf,https://api.imf.org/external/sdmx/2.1/data/IL/ARG.TRGMV_REVS.USD.M?detail=full&startPeriod=2000-01,ARG,TRGMV_REVS,USD,M
2005-07-01,25105350252.11756,25105.35025211756,argentina,ARG,imf,https://api.imf.org/external/sdmx/2.1/data/IL/ARG.TRGMV_REVS.USD.M?detail=full&startPeriod=2000-01,ARG,TRGMV_REVS,USD,M
2005-08-01,25250598231.79681,25250.598231796812,argentina,ARG,imf,https://api.imf.org/external/sdmx/2.1/data/IL/ARG.TRGMV_REVS.USD.M?detail=full&startPeriod=2000-01,ARG,TRGMV_REVS,USD,M
2005-09-01,25616690244.90466,25616.69024490466,argentina,ARG,imf,https://api.imf.org/external/sdmx/2.1/data/IL/ARG.TRGMV_REVS.USD.M?detail=full&startPeriod=2000-01,ARG,TRGMV_REVS,USD,M
2005-10-01,26559661758.0753,26559.661758075297,argentina,ARG,imf,https://api.imf.org/external/sdmx/2.1/data/IL/ARG.TRGMV_REVS.USD.M?detail=full&startPeriod=2000-01,ARG,TRGMV_REVS,USD,M
2005-11-01,26522179355.322,26522.179355321998,argentina,ARG,imf,https://api.imf.org/external/sdmx/2.1/data/IL/ARG.TRGMV_REVS.USD.M?detail=full&startPeriod=2000-01,ARG,TRGMV_REVS,USD,M
2005-12-01,28081718501.5579,28081.718501557898,argentina,ARG,imf,https://api.imf.org/external/sdmx/2.1/data/IL/ARG.TRGMV_REVS.USD.M?detail=full&startPeriod=2000-01,ARG,TRGMV_REVS,USD,M
2006-01-01,19675882411.94997,19675.88241194997,argentina,ARG,imf,https://api.imf.org/external/sdmx/2.1/data/IL/ARG.TRGMV_REVS.USD.M?detail=full&startPeriod=2000-01,ARG,TRGMV_REVS,USD,M
2006-02-01,20521948835.89175,20521.94883589175,argentina,ARG,imf,https://api.imf.org/external/sdmx/2.1/data/IL/ARG.TRGMV_REVS.USD.M?detail=full&startPeriod=2000-01,ARG,TRGMV_REVS,USD,M
2006-03-01,21548927314.79734,21548.92731479734,argentina,ARG,imf,https://api.imf.org/external/sdmx/2.1/data/IL/ARG.TRGMV_REVS.USD.M?detail=full&startPeriod=2000-01,ARG,TRGMV_REVS,USD,M
2006-04-01,22374979921.48942,22374.979921489423,argentina,ARG,imf,https://api.imf.org/external/sdmx/2.1/data/IL/ARG.TRGMV_REVS.USD.M?detail=full&startPeriod=2000-01,ARG,TRGMV_REVS,USD,M
2006-05-01,24175914245.14727,24175.91424514727,argentina,ARG,imf,https://api.imf.org/external/sdmx/2.1/data/IL/ARG.TRGMV_REVS.USD.M?detail=full&startPeriod=2000-01,ARG,TRGMV_REVS,USD,M
2006-06-01,25491051479.54625,25491.051479546248,argentina,ARG,imf,https://api.imf.org/external/sdmx/2.1/data/IL/ARG.TRGMV_REVS.USD.M?detail=full&startPeriod=2000-01,ARG,TRGMV_REVS,USD,M
2006-07-01,26218520915.42566,26218.52091542566,argentina,ARG,imf,https://api.imf.org/external/sdmx/2.1/data/IL/ARG.TRGMV_REVS.USD.M?detail=full&startPeriod=2000-01,ARG,TRGMV_REVS,USD,M
2006-08-01,27364915048.98736,27364.915048987357,argentina,ARG,imf,https://api.imf.org/external/sdmx/2.1/data/IL/ARG.TRGMV_REVS.USD.M?detail=full&startPeriod=2000-01,ARG,TRGMV_REVS,USD,M
2006-09-01,28012067153.99322,28012.067153993223,argentina,ARG,imf,https://api.imf.org/external/sdmx/2.1/data/IL/ARG.TRGMV_REVS.USD.M?detail=full&startPeriod=2000-01,ARG,TRGMV_REVS,USD,M
2006-10-01,29045992683.5766,29045.9926835766,argentina,ARG,imf,https://api.imf.org/external/sdmx/2.1/data/IL/ARG.TRGMV_REVS.USD.M?detail=full&startPeriod=2000-01,ARG,TRGMV_REVS,USD,M
2006-11-01,30318233651.71504,30318.23365171504,argentina,ARG,imf,https://api.imf.org/external/sdmx/2.1/data/IL/ARG.TRGMV_REVS.USD.M?detail=full&startPeriod=2000-01,ARG,TRGMV_REVS,USD,M
2006-12-01,32022297112.98058,32022.29711298058,argentina,ARG,imf,https://api.imf.org/external/sdmx/2.1/data/IL/ARG.TRGMV_REVS.USD.M?detail=full&startPeriod=2000-01,ARG,TRGMV_REVS,USD,M
2007-01-01,33720504918.39922,33720.504918399216,argentina,ARG,imf,https://api.imf.org/external/sdmx/2.1/data/IL/ARG.TRGMV_REVS.USD.M?detail=full&startPeriod=2000-01,ARG,TRGMV_REVS,USD,M
2007-02-01,34909131724.90772,34909.131724907726,argentina,ARG,imf,https://api.imf.org/external/sdmx/2.1/data/IL/ARG.TRGMV_REVS.USD.M?detail=full&startPeriod=2000-01,ARG,TRGMV_REVS,USD,M
2007-03-01,36815614201.79108,36815.614201791075,argentina,ARG,imf,https://api.imf.org/external/sdmx/2.1/data/IL/ARG.TRGMV_REVS.USD.M?detail=full&startPeriod=2000-01,ARG,TRGMV_REVS,USD,M
2007-04-01,38590680590.89544,38590.68059089544,argentina,ARG,imf,https://api.imf.org/external/sdmx/2.1/data/IL/ARG.TRGMV_REVS.USD.M?detail=full&startPeriod=2000-01,ARG,TRGMV_REVS,USD,M
2007-05-01,40568597910.31481,40568.59791031481,argentina,ARG,imf,https://api.imf.org/external/sdmx/2.1/data/IL/ARG.TRGMV_REVS.USD.M?detail=full&startPeriod=2000-01,ARG,TRGMV_REVS,USD,M
2007-06-01,43121421981.30394,43121.42198130394,argentina,ARG,imf,https://api.imf.org/external/sdmx/2.1/data/IL/ARG.TRGMV_REVS.USD.M?detail=full&startPeriod=2000-01,ARG,TRGMV_REVS,USD,M
2007-07-01,44161943757.25801,44161.943757258014,argentina,ARG,imf,https://api.imf.org/external/sdmx/2.1/data/IL/ARG.TRGMV_REVS.USD.M?detail=full&startPeriod=2000-01,ARG,TRGMV_REVS,USD,M
2007-08-01,43137890243.93309,43137.89024393309,argentina,ARG,imf,https://api.imf.org/external/sdmx/2.1/data/IL/ARG.TRGMV_REVS.USD.M?detail=full&startPeriod=2000-01,ARG,TRGMV_REVS,USD,M
2007-09-01,42878976483.76024,42878.97648376024,argentina,ARG,imf,https://api.imf.org/external/sdmx/2.1/data/IL/ARG.TRGMV_REVS.USD.M?detail=full&startPeriod=2000-01,ARG,TRGMV_REVS,USD,M
2007-10-01,42982893560.71169,42982.893560711695,argentina,ARG,imf,https://api.imf.org/external/sdmx/2.1/data/IL/ARG.TRGMV_REVS.USD.M?detail=full&startPeriod=2000-01,ARG,TRGMV_REVS,USD,M
2007-11-01,44865607863.43542,44865.60786343542,argentina,ARG,imf,https://api.imf.org/external/sdmx/2.1/data/IL/ARG.TRGMV_REVS.USD.M?detail=full&startPeriod=2000-01,ARG,TRGMV_REVS,USD,M
2007-12-01,46149456855.78023,46149.45685578023,argentina,ARG,imf,https://api.imf.org/external/sdmx/2.1/data/IL/ARG.TRGMV_REVS.USD.M?detail=full&startPeriod=2000-01,ARG,TRGMV_REVS,USD,M
2008-01-01,47637989606.84688,47637.98960684688,argentina,ARG,imf,https://api.imf.org/external/sdmx/2.1/data/IL/ARG.TRGMV_REVS.USD.M?detail=full&startPeriod=2000-01,ARG,TRGMV_REVS,USD,M
2008-02-01,49245066816.06174,49245.066816061735,argentina,ARG,imf,https://api.imf.org/external/sdmx/2.1/data/IL/ARG.TRGMV_REVS.USD.M?detail=full&startPeriod=2000-01,ARG,TRGMV_REVS,USD,M
2008-03-01,50449217297.16752,50449.21729716752,argentina,ARG,imf,https://api.imf.org/external/sdmx/2.1/data/IL/ARG.TRGMV_REVS.USD.M?detail=full&startPeriod=2000-01,ARG,TRGMV_REVS,USD,M
2008-04-01,50197593186.32712,50197.59318632712,argentina,ARG,imf,https://api.imf.org/external/sdmx/2.1/data/IL/ARG.TRGMV_REVS.USD.M?detail=full&startPeriod=2000-01,ARG,TRGMV_REVS,USD,M
2008-05-01,48533326613.83225,48533.32661383225,argentina,ARG,imf,https://api.imf.org/external/sdmx/2.1/data/IL/ARG.TRGMV_REVS.USD.M?detail=full&startPeriod=2000-01,ARG,TRGMV_REVS,USD,M
2008-06-01,47488004359.64707,47488.00435964707,argentina,ARG,imf,https://api.imf.org/external/sdmx/2.1/data/IL/ARG.TRGMV_REVS.USD.M?detail=full&startPeriod=2000-01,ARG,TRGMV_REVS,USD,M
2008-07-01,47502642621.37282,47502.64262137282,argentina,ARG,imf,https://api.imf.org/external/sdmx/2.1/data/IL/ARG.TRGMV_REVS.USD.M?detail=full&startPeriod=2000-01,ARG,TRGMV_REVS,USD,M
2008-08-01,47004549473.44505,47004.549473445055,argentina,ARG,imf,https://api.imf.org/external/sdmx/2.1/data/IL/ARG.TRGMV_REVS.USD.M?detail=full&startPeriod=2000-01,ARG,TRGMV_REVS,USD,M
2008-09-01,47073724067.80689,47073.72406780689,argentina,ARG,imf,https://api.imf.org/external/sdmx/2.1/data/IL/ARG.TRGMV_REVS.USD.M?detail=full&startPeriod=2000-01,ARG,TRGMV_REVS,USD,M
2008-10-01,44753735609.57431,44753.73560957431,argentina,ARG,imf,https://api.imf.org/external/sdmx/2.1/data/IL/ARG.TRGMV_REVS.USD.M?detail=full&startPeriod=2000-01,ARG,TRGMV_REVS,USD,M
2008-11-01,45973641700.44276,45973.64170044276,argentina,ARG,imf,https://api.imf.org/external/sdmx/2.1/data/IL/ARG.TRGMV_REVS.USD.M?detail=full&startPeriod=2000-01,ARG,TRGMV_REVS,USD,M
2008-12-01,46385380206.98015,46385.380206980146,argentina,ARG,imf,https://api.imf.org/external/sdmx/2.1/data/IL/ARG.TRGMV_REVS.USD.M?detail=full&startPeriod=2000-01,ARG,TRGMV_REVS,USD,M
2009-01-01,47083011468.49314,47083.01146849314,argentina,ARG,imf,https://api.imf.org/external/sdmx/2.1/data/IL/ARG.TRGMV_REVS.USD.M?detail=full&startPeriod=2000-01,ARG,TRGMV_REVS,USD,M
2009-02-01,47123103317.93645,47123.103317936446,argentina,ARG,imf,https://api.imf.org/external/sdmx/2.1/data/IL/ARG.TRGMV_REVS.USD.M?detail=full&startPeriod=2000-01,ARG,TRGMV_REVS,USD,M
2009-03-01,46543650056.05376,46543.65005605375,argentina,ARG,imf,https://api.imf.org/external/sdmx/2.1/data/IL/ARG.TRGMV_REVS.USD.M?detail=full&startPeriod=2000-01,ARG,TRGMV_REVS,USD,M
2009-04-01,46356128553.35842,46356.12855335842,argentina,ARG,imf,https://api.imf.org/external/sdmx/2.1/data/IL/ARG.TRGMV_REVS.USD.M?detail=full&startPeriod=2000-01,ARG,TRGMV_REVS,USD,M
2009-05-01,46628429424.9573,46628.4294249573,argentina,ARG,imf,https://api.imf.org/external/sdmx/2.1/data/IL/ARG.TRGMV_REVS.USD.M?detail=full&startPeriod=2000-01,ARG,TRGMV_REVS,USD,M
2009-06-01,46045891075.59091,46045.89107559091,argentina,ARG,imf,https://api.imf.org/external/sdmx/2.1/data/IL/ARG.TRGMV_REVS.USD.M?detail=full&startPeriod=2000-01,ARG,TRGMV_REVS,USD,M
2009-07-01,46135496045.64391,46135.496045643915,argentina,ARG,imf,https://api.imf.org/external/sdmx/2.1/data/IL/ARG.TRGMV_REVS.USD.M?detail=full&startPeriod=2000-01,ARG,TRGMV_REVS,USD,M
2009-08-01,47516341481.83938,47516.34148183938,argentina,ARG,imf,https://api.imf.org/external/sdmx/2.1/data/IL/ARG.TRGMV_REVS.USD.M?detail=full&startPeriod=2000-01,ARG,TRGMV_REVS,USD,M
2009-09-01,48068060329.63821,48068.0603296382,argentina,ARG,imf,https://api.imf.org/external/sdmx/2.1/data/IL/ARG.TRGMV_REVS.USD.M?detail=full&startPeriod=2000-01,ARG,TRGMV_REVS,USD,M
2009-10-01,48929019576.14262,48929.019576142615,argentina,ARG,imf,https://api.imf.org/external/sdmx/2.1/data/IL/ARG.TRGMV_REVS.USD.M?detail=full&startPeriod=2000-01,ARG,TRGMV_REVS,USD,M
2009-11-01,49803307482.19724,49803.30748219724,argentina,ARG,imf,https://api.imf.org/external/sdmx/2.1/data/IL/ARG.TRGMV_REVS.USD.M?detail=full&startPeriod=2000-01,ARG,TRGMV_REVS,USD,M
2009-12-01,48006988635.3253,48006.9886353253,argentina,ARG,imf,https://api.imf.org/external/sdmx/2.1/data/IL/ARG.TRGMV_REVS.USD.M?detail=full&startPeriod=2000-01,ARG,TRGMV_REVS,USD,M
2010-01-01,48156488518.37538,48156.48851837538,argentina,ARG,imf,https://api.imf.org/external/sdmx/2.1/data/IL/ARG.TRGMV_REVS.USD.M?detail=full&startPeriod=2000-01,ARG,TRGMV_REVS,USD,M
2010-02-01,47780544351.2361,47780.5443512361,argentina,ARG,imf,https://api.imf.org/external/sdmx/2.1/data/IL/ARG.TRGMV_REVS.USD.M?detail=full&startPeriod=2000-01,ARG,TRGMV_REVS,USD,M
2010-03-01,47461088300.2489,47461.0883002489,argentina,ARG,imf,https://api.imf.org/external/sdmx/2.1/data/IL/ARG.TRGMV_REVS.USD.M?detail=full&startPeriod=2000-01,ARG,TRGMV_REVS,USD,M
2010-04-01,48136889529.16628,48136.889529166285,argentina,ARG,imf,https://api.imf.org/external/sdmx/2.1/data/IL/ARG.TRGMV_REVS.USD.M?detail=full&startPeriod=2000-01,ARG,TRGMV_REVS,USD,M
2010-05-01,48971588044.93511,48971.58804493511,argentina,ARG,imf,https://api.imf.org/external/sdmx/2.1/data/IL/ARG.TRGMV_REVS.USD.M?detail=full&startPeriod=2000-01,ARG,TRGMV_REVS,USD,M
2010-06-01,49446851675.92883,49446.85167592883,argentina,ARG,imf,https://api.imf.org/external/sdmx/2.1/data/IL/ARG.TRGMV_REVS.USD.M?detail=full&startPeriod=2000-01,ARG,TRGMV_REVS,USD,M
2010-07-01,51288338368.53285,51288.33836853285,argentina,ARG,imf,https://api.imf.org/external/sdmx/2.1/data/IL/ARG.TRGMV_REVS.USD.M?detail=full&startPeriod=2000-01,ARG,TRGMV_REVS,USD,M
2010-08-01,50544265164.47088,50544.26516447088,argentina,ARG,imf,https://api.imf.org/external/sdmx/2.1/data/IL/ARG.TRGMV_REVS.USD.M?detail=full&startPeriod=2000-01,ARG,TRGMV_REVS,USD,M
2010-09-01,51432898213.72668,51432.89821372668,argentina,ARG,imf,https://api.imf.org/external/sdmx/2.1/data/IL/ARG.TRGMV_REVS.USD.M?detail=full&startPeriod=2000-01,ARG,TRGMV_REVS,USD,M
2010-10-01,52180816102.83676,52180.81610283676,argentina,ARG,imf,https://api.imf.org/external/sdmx/2.1/data/IL/ARG.TRGMV_REVS.USD.M?detail=full&startPeriod=2000-01,ARG,TRGMV_REVS,USD,M
2010-11-01,51986166141.26635,51986.16614126635,argentina,ARG,imf,https://api.imf.org/external/sdmx/2.1/data/IL/ARG.TRGMV_REVS.USD.M?detail=full&startPeriod=2000-01,ARG,TRGMV_REVS,USD,M
2010-12-01,52207549724.0928,52207.549724092794,argentina,ARG,imf,https://api.imf.org/external/sdmx/2.1/data/IL/ARG.TRGMV_REVS.USD.M?detail=full&startPeriod=2000-01,ARG,TRGMV_REVS,USD,M
2011-01-01,52612488679.28431,52612.48867928431,argentina,ARG,imf,https://api.imf.org/external/sdmx/2.1/data/IL/ARG.TRGMV_REVS.USD.M?detail=full&startPeriod=2000-01,ARG,TRGMV_REVS,USD,M
2011-02-01,52352740826.17491,52352.740826174915,argentina,ARG,imf,https://api.imf.org/external/sdmx/2.1/data/IL/ARG.TRGMV_REVS.USD.M?detail=full&startPeriod=2000-01,ARG,TRGMV_REVS,USD,M
2011-03-01,51360247501.71132,51360.24750171132,argentina,ARG,imf,https://api.imf.org/external/sdmx/2.1/data/IL/ARG.TRGMV_REVS.USD.M?detail=full&startPeriod=2000-01,ARG,TRGMV_REVS,USD,M
2011-04-01,51961041078.95113,51961.04107895114,argentina,ARG,imf,https://api.imf.org/external/sdmx/2.1/data/IL/ARG.TRGMV_REVS.USD.M?detail=full&startPeriod=2000-01,ARG,TRGMV_REVS,USD,M
2011-05-01,52113229303.93617,52113.229303936176,argentina,ARG,imf,https://api.imf.org/external/sdmx/2.1/data/IL/ARG.TRGMV_REVS.USD.M?detail=full&startPeriod=2000-01,ARG,TRGMV_REVS,USD,M
2011-06-01,51696868998.33619,51696.86899833619,argentina,ARG,imf,https://api.imf.org/external/sdmx/2.1/data/IL/ARG.TRGMV_REVS.USD.M?detail=full&startPeriod=2000-01,ARG,TRGMV_REVS,USD,M
2011-07-01,51922459364.49901,51922.45936449901,argentina,ARG,imf,https://api.imf.org/external/sdmx/2.1/data/IL/ARG.TRGMV_REVS.USD.M?detail=full&startPeriod=2000-01,ARG,TRGMV_REVS,USD,M
2011-08-01,49999893087.36662,49999.893087366625,argentina,ARG,imf,https://api.imf.org/external/sdmx/2.1/data/IL/ARG.TRGMV_REVS.USD.M?detail=full&startPeriod=2000-01,ARG,TRGMV_REVS,USD,M
2011-09-01,48582664034.70092,48582.66403470092,argentina,ARG,imf,https://api.imf.org/external/sdmx/2.1/data/IL/ARG.TRGMV_REVS.USD.M?detail=full&startPeriod=2000-01,ARG,TRGMV_REVS,USD,M
2011-10-01,47513507837.19078,47513.50783719078,argentina,ARG,imf,https://api.imf.org/external/sdmx/2.1/data/IL/ARG.TRGMV_REVS.USD.M?detail=full&startPeriod=2000-01,ARG,TRGMV_REVS,USD,M
2011-11-01,46048074014.13133,46048.07401413133,argentina,ARG,imf,https://api.imf.org/external/sdmx/2.1/data/IL/ARG.TRGMV_REVS.USD.M?detail=full&startPeriod=2000-01,ARG,TRGMV_REVS,USD,M
2011-12-01,46265800525.88065,46265.80052588065,argentina,ARG,imf,https://api.imf.org/external/sdmx/2.1/data/IL/ARG.TRGMV_REVS.USD.M?detail=full&startPeriod=2000-01,ARG,TRGMV_REVS,USD,M
2012-01-01,46598570333.87916,46598.57033387916,argentina,ARG,imf,https://api.imf.org/external/sdmx/2.1/data/IL/ARG.TRGMV_REVS.USD.M?detail=full&startPeriod=2000-01,ARG,TRGMV_REVS,USD,M
2012-02-01,46735003832.24732,46735.00383224732,argentina,ARG,imf,https://api.imf.org/external/sdmx/2.1/data/IL/ARG.TRGMV_REVS.USD.M?detail=full&startPeriod=2000-01,ARG,TRGMV_REVS,USD,M
2012-03-01,47264380260.05714,47264.380260057136,argentina,ARG,imf,https://api.imf.org/external/sdmx/2.1/data/IL/ARG.TRGMV_REVS.USD.M?detail=full&startPeriod=2000-01,ARG,TRGMV_REVS,USD,M
2012-04-01,47816093233.31011,47816.093233310115,argentina,ARG,imf,https://api.imf.org/external/sdmx/2.1/data/IL/ARG.TRGMV_REVS.USD.M?detail=full&startPeriod=2000-01,ARG,TRGMV_REVS,USD,M
2012-05-01,46955494506.02242,46955.49450602242,argentina,ARG,imf,https://api.imf.org/external/sdmx/2.1/data/IL/ARG.TRGMV_REVS.USD.M?detail=full&startPeriod=2000-01,ARG,TRGMV_REVS,USD,M
2012-06-01,46329234770.62928,46329.23477062928,argentina,ARG,imf,https://api.imf.org/external/sdmx/2.1/data/IL/ARG.TRGMV_REVS.USD.M?detail=full&startPeriod=2000-01,ARG,TRGMV_REVS,USD,M
2012-07-01,46824192299.55726,46824.19229955726,argentina,ARG,imf,https://api.imf.org/external/sdmx/2.1/data/IL/ARG.TRGMV_REVS.USD.M?detail=full&startPeriod=2000-01,ARG,TRGMV_REVS,USD,M
2012-08-01,45073341265.96318,45073.34126596318,argentina,ARG,imf,https://api.imf.org/external/sdmx/2.1/data/IL/ARG.TRGMV_REVS.USD.M?detail=full&startPeriod=2000-01,ARG,TRGMV_REVS,USD,M
2012-09-01,45025616527.3288,45025.6165273288,argentina,ARG,imf,https://api.imf.org/external/sdmx/2.1/data/IL/ARG.TRGMV_REVS.USD.M?detail=full&startPeriod=2000-01,ARG,TRGMV_REVS,USD,M
2012-10-01,45277204679.01984,45277.20467901984,argentina,ARG,imf,https://api.imf.org/external/sdmx/2.1/data/IL/ARG.TRGMV_REVS.USD.M?detail=full&startPeriod=2000-01,ARG,TRGMV_REVS,USD,M
2012-11-01,45225987591.7826,45225.9875917826,argentina,ARG,imf,https://api.imf.org/external/sdmx/2.1/data/IL/ARG.TRGMV_REVS.USD.M?detail=full&startPeriod=2000-01,ARG,TRGMV_REVS,USD,M
2012-12-01,43223270863.84301,43223.27086384301,argentina,ARG,imf,https://api.imf.org/external/sdmx/2.1/data/IL/ARG.TRGMV_REVS.USD.M?detail=full&startPeriod=2000-01,ARG,TRGMV_REVS,USD,M
2013-01-01,42473833077.55113,42473.833077551135,argentina,ARG,imf,https://api.imf.org/external/sdmx/2.1/data/IL/ARG.TRGMV_REVS.USD.M?detail=full&startPeriod=2000-01,ARG,TRGMV_REVS,USD,M
2013-02-01,41588421370.70857,41588.42137070857,argentina,ARG,imf,https://api.imf.org/external/sdmx/2.1/data/IL/ARG.TRGMV_REVS.USD.M?detail=full&startPeriod=2000-01,ARG,TRGMV_REVS,USD,M
2013-03-01,40405389061.51677,40405.38906151677,argentina,ARG,imf,https://api.imf.org/external/sdmx/2.1/data/IL/ARG.TRGMV_REVS.USD.M?detail=full&startPeriod=2000-01,ARG,TRGMV_REVS,USD,M
2013-04-01,39491195801.71308,39491.19580171308,argentina,ARG,imf,https://api.imf.org/external/sdmx/2.1/data/IL/ARG.TRGMV_REVS.USD.M?detail=full&startPeriod=2000-01,ARG,TRGMV_REVS,USD,M
2013-05-01,38536104176.66284,38536.10417666284,argentina,ARG,imf,https://api.imf.org/external/sdmx/2.1/data/IL/ARG.TRGMV_REVS.USD.M?detail=full&startPeriod=2000-01,ARG,TRGMV_REVS,USD,M
2013-06-01,36906427009.94063,36906.42700994063,argentina,ARG,imf,https://api.imf.org/external/sdmx/2.1/data/IL/ARG.TRGMV_REVS.USD.M?detail=full&startPeriod=2000-01,ARG,TRGMV_REVS,USD,M
2013-07-01,37017085158.01959,37017.085158019596,argentina,ARG,imf,https://api.imf.org/external/sdmx/2.1/data/IL/ARG.TRGMV_REVS.USD.M?detail=full&startPeriod=2000-01,ARG,TRGMV_REVS,USD,M
2013-08-01,36569102764.52509,36569.102764525094,argentina,ARG,imf,https://api.imf.org/external/sdmx/2.1/data/IL/ARG.TRGMV_REVS.USD.M?detail=full&startPeriod=2000-01,ARG,TRGMV_REVS,USD,M
2013-09-01,34702138707.82862,34702.13870782862,argentina,ARG,imf,https://api.imf.org/external/sdmx/2.1/data/IL/ARG.TRGMV_REVS.USD.M?detail=full&startPeriod=2000-01,ARG,TRGMV_REVS,USD,M
2013-10-01,33190384293.01315,33190.38429301315,argentina,ARG,imf,https://api.imf.org/external/sdmx/2.1/data/IL/ARG.TRGMV_REVS.USD.M?detail=full&startPeriod=2000-01,ARG,TRGMV_REVS,USD,M
2013-11-01,30736270520.95516,30736.270520955157,argentina,ARG,imf,https://api.imf.org/external/sdmx/2.1/data/IL/ARG.TRGMV_REVS.USD.M?detail=full&startPeriod=2000-01,ARG,TRGMV_REVS,USD,M
2013-12-01,30533919650.62638,30533.91965062638,argentina,ARG,imf,https://api.imf.org/external/sdmx/2.1/data/IL/ARG.TRGMV_REVS.USD.M?detail=full&startPeriod=2000-01,ARG,TRGMV_REVS,USD,M
2014-01-01,27727554443.12286,27727.55444312286,argentina,ARG,imf,https://api.imf.org/external/sdmx/2.1/data/IL/ARG.TRGMV_REVS.USD.M?detail=full&startPeriod=2000-01,ARG,TRGMV_REVS,USD,M
2014-02-01,27517516466.92092,27517.516466920923,argentina,ARG,imf,https://api.imf.org/external/sdmx/2.1/data/IL/ARG.TRGMV_REVS.USD.M?detail=full&startPeriod=2000-01,ARG,TRGMV_REVS,USD,M
2014-03-01,26988088214.72843,26988.088214728432,argentina,ARG,imf,https://api.imf.org/external/sdmx/2.1/data/IL/ARG.TRGMV_REVS.USD.M?detail=full&startPeriod=2000-01,ARG,TRGMV_REVS,USD,M
2014-04-01,28171043500.76604,28171.04350076604,argentina,ARG,imf,https://api.imf.org/external/sdmx/2.1/data/IL/ARG.TRGMV_REVS.USD.M?detail=full&startPeriod=2000-01,ARG,TRGMV_REVS,USD,M
2014-05-01,28536681764.90416,28536.68176490416,argentina,ARG,imf,https://api.imf.org/external/sdmx/2.1/data/IL/ARG.TRGMV_REVS.USD.M?detail=full&startPeriod=2000-01,ARG,TRGMV_REVS,USD,M
2014-06-01,29214098057.82945,29214.098057829447,argentina,ARG,imf,https://api.imf.org/external/sdmx/2.1/data/IL/ARG.TRGMV_REVS.USD.M?detail=full&startPeriod=2000-01,ARG,TRGMV_REVS,USD,M
2014-07-01,28980295658.07631,28980.29565807631,argentina,ARG,imf,https://api.imf.org/external/sdmx/2.1/data/IL/ARG.TRGMV_REVS.USD.M?detail=full&startPeriod=2000-01,ARG,TRGMV_REVS,USD,M
2014-08-01,28570935973.44646,28570.93597344646,argentina,ARG,imf,https://api.imf.org/external/sdmx/2.1/data/IL/ARG.TRGMV_REVS.USD.M?detail=full&startPeriod=2000-01,ARG,TRGMV_REVS,USD,M
2014-09-01,27863852060.2383,27863.8520602383,argentina,ARG,imf,https://api.imf.org/external/sdmx/2.1/data/IL/ARG.TRGMV_REVS.USD.M?detail=full&startPeriod=2000-01,ARG,TRGMV_REVS,USD,M
2014-10-01,28060964111.84105,28060.96411184105,argentina,ARG,imf,https://api.imf.org/external/sdmx/2.1/data/IL/ARG.TRGMV_REVS.USD.M?detail=full&startPeriod=2000-01,ARG,TRGMV_REVS,USD,M
2014-11-01,28907956996.95827,28907.95699695827,argentina,ARG,imf,https://api.imf.org/external/sdmx/2.1/data/IL/ARG.TRGMV_REVS.USD.M?detail=full&startPeriod=2000-01,ARG,TRGMV_REVS,USD,M
2014-12-01,31410813269.52394,31410.81326952394,argentina,ARG,imf,https://api.imf.org/external/sdmx/2.1/data/IL/ARG.TRGMV_REVS.USD.M?detail=full&startPeriod=2000-01,ARG,TRGMV_REVS,USD,M
2015-01-01,31401120165.19922,31401.12016519922,argentina,ARG,imf,https://api.imf.org/external/sdmx/2.1/data/IL/ARG.TRGMV_REVS.USD.M?detail=full&startPeriod=2000-01,ARG,TRGMV_REVS,USD,M
2015-02-01,31432773474.24144,31432.77347424144,argentina,ARG,imf,https://api.imf.org/external/sdmx/2.1/data/IL/ARG.TRGMV_REVS.USD.M?detail=full&startPeriod=2000-01,ARG,TRGMV_REVS,USD,M
2015-03-01,31469854987.75342,31469.85498775342,argentina,ARG,imf,https://api.imf.org/external/sdmx/2.1/data/IL/ARG.TRGMV_REVS.USD.M?detail=full&startPeriod=2000-01,ARG,TRGMV_REVS,USD,M
2015-04-01,33872194181.87493,33872.19418187493,argentina,ARG,imf,https://api.imf.org/external/sdmx/2.1/data/IL/ARG.TRGMV_REVS.USD.M?detail=full&startPeriod=2000-01,ARG,TRGMV_REVS,USD,M
2015-05-01,33270247554.13466,33270.24755413466,argentina,ARG,imf,https://api.imf.org/external/sdmx/2.1/data/IL/ARG.TRGMV_REVS.USD.M?detail=full&startPeriod=2000-01,ARG,TRGMV_REVS,USD,M
2015-06-01,33835632915.00315,33835.63291500315,argentina,ARG,imf,https://api.imf.org/external/sdmx/2.1/data/IL/ARG.TRGMV_REVS.USD.M?detail=full&startPeriod=2000-01,ARG,TRGMV_REVS,USD,M
2015-07-01,33907944274.14571,33907.94427414571,argentina,ARG,imf,https://api.imf.org/external/sdmx/2.1/data/IL/ARG.TRGMV_REVS.USD.M?detail=full&startPeriod=2000-01,ARG,TRGMV_REVS,USD,M
2015-08-01,33578441895.98016,33578.44189598016,argentina,ARG,imf,https://api.imf.org/external/sdmx/2.1/data/IL/ARG.TRGMV_REVS.USD.M?detail=full&startPeriod=2000-01,ARG,TRGMV_REVS,USD,M
2015-09-01,33232597438.53742,33232.59743853742,argentina,ARG,imf,https://api.imf.org/external/sdmx/2.1/data/IL/ARG.TRGMV_REVS.USD.M?detail=full&startPeriod=2000-01,ARG,TRGMV_REVS,USD,M
2015-10-01,26937682108.54148,26937.68210854148,argentina,ARG,imf,https://api.imf.org/external/sdmx/2.1/data/IL/ARG.TRGMV_REVS.USD.M?detail=full&startPeriod=2000-01,ARG,TRGMV_REVS,USD,M
2015-11-01,25571304373.29315,25571.30437329315,argentina,ARG,imf,https://api.imf.org/external/sdmx/2.1/data/IL/ARG.TRGMV_REVS.USD.M?detail=full&startPeriod=2000-01,ARG,TRGMV_REVS,USD,M
2015-12-01,25520565580.48944,25520.56558048944,argentina,ARG,imf,https://api.imf.org/external/sdmx/2.1/data/IL/ARG.TRGMV_REVS.USD.M?detail=full&startPeriod=2000-01,ARG,TRGMV_REVS,USD,M
2016-01-01,30067849623.71594,30067.849623715938,argentina,ARG,imf,https://api.imf.org/external/sdmx/2.1/data/IL/ARG.TRGMV_REVS.USD.M?detail=full&startPeriod=2000-01,ARG,TRGMV_REVS,USD,M
2016-02-01,28402685003.55284,28402.68500355284,argentina,ARG,imf,https://api.imf.org/external/sdmx/2.1/data/IL/ARG.TRGMV_REVS.USD.M?detail=full&startPeriod=2000-01,ARG,TRGMV_REVS,USD,M
2016-03-01,29549123614.53109,29549.12361453109,argentina,ARG,imf,https://api.imf.org/external/sdmx/2.1/data/IL/ARG.TRGMV_REVS.USD.M?detail=full&startPeriod=2000-01,ARG,TRGMV_REVS,USD,M
2016-04-01,34353541204.36513,34353.54120436513,argentina,ARG,imf,https://api.imf.org/external/sdmx/2.1/data/IL/ARG.TRGMV_REVS.USD.M?detail=full&startPeriod=2000-01,ARG,TRGMV_REVS,USD,M
2016-05-01,30141332194.35205,30141.33219435205,argentina,ARG,imf,https://api.imf.org/external/sdmx/2.1/data/IL/ARG.TRGMV_REVS.USD.M?detail=full&startPeriod=2000-01,ARG,TRGMV_REVS,USD,M
2016-06-01,30519353654.23943,30519.35365423943,argentina,ARG,imf,https://api.imf.org/external/sdmx/2.1/data/IL/ARG.TRGMV_REVS.USD.M?detail=full&startPeriod=2000-01,ARG,TRGMV_REVS,USD,M
2016-07-01,32520424343.82633,32520.42434382633,argentina,ARG,imf,https://api.imf.org/external/sdmx/2.1/data/IL/ARG.TRGMV_REVS.USD.M?detail=full&startPeriod=2000-01,ARG,TRGMV_REVS,USD,M
2016-08-01,31146704871.42867,31146.70487142867,argentina,ARG,imf,https://api.imf.org/external/sdmx/2.1/data/IL/ARG.TRGMV_REVS.USD.M?detail=full&startPeriod=2000-01,ARG,TRGMV_REVS,USD,M
2016-09-01,29951928834.55131,29951.928834551312,argentina,ARG,imf,https://api.imf.org/external/sdmx/2.1/data/IL/ARG.TRGMV_REVS.USD.M?detail=full&startPeriod=2000-01,ARG,TRGMV_REVS,USD,M
2016-10-01,37135507497.41664,37135.50749741664,argentina,ARG,imf,https://api.imf.org/external/sdmx/2.1/data/IL/ARG.TRGMV_REVS.USD.M?detail=full&startPeriod=2000-01,ARG,TRGMV_REVS,USD,M
2016-11-01,37077160352.61459,37077.16035261459,argentina,ARG,imf,https://api.imf.org/external/sdmx/2.1/data/IL/ARG.TRGMV_REVS.USD.M?detail=full&startPeriod=2000-01,ARG,TRGMV_REVS,USD,M
2016-12-01,38414518491.61318,38414.518491613184,argentina,ARG,imf,https://api.imf.org/external/sdmx/2.1/data/IL/ARG.TRGMV_REVS.USD.M?detail=full&startPeriod=2000-01,ARG,TRGMV_REVS,USD,M
2017-01-01,46954563608.1792,46954.563608179196,argentina,ARG,imf,https://api.imf.org/external/sdmx/2.1/data/IL/ARG.TRGMV_REVS.USD.M?detail=full&startPeriod=2000-01,ARG,TRGMV_REVS,USD,M
2017-02-01,50661412636.35056,50661.412636350564,argentina,ARG,imf,https://api.imf.org/external/sdmx/2.1/data/IL/ARG.TRGMV_REVS.USD.M?detail=full&startPeriod=2000-01,ARG,TRGMV_REVS,USD,M
2017-03-01,50770561390.35196,50770.56139035196,argentina,ARG,imf,https://api.imf.org/external/sdmx/2.1/data/IL/ARG.TRGMV_REVS.USD.M?detail=full&startPeriod=2000-01,ARG,TRGMV_REVS,USD,M
2017-04-01,48110598170.58325,48110.59817058325,argentina,ARG,imf,https://api.imf.org/external/sdmx/2.1/data/IL/ARG.TRGMV_REVS.USD.M?detail=full&startPeriod=2000-01,ARG,TRGMV_REVS,USD,M
2017-05-01,46297167683.67129,46297.16768367129,argentina,ARG,imf,https://api.imf.org/external/sdmx/2.1/data/IL/ARG.TRGMV_REVS.USD.M?detail=full&startPeriod=2000-01,ARG,TRGMV_REVS,USD,M
2017-06-01,47840195375.89687,47840.195375896874,argentina,ARG,imf,https://api.imf.org/external/sdmx/2.1/data/IL/ARG.TRGMV_REVS.USD.M?detail=full&startPeriod=2000-01,ARG,TRGMV_REVS,USD,M
2017-07-01,47490872403.05342,47490.87240305342,argentina,ARG,imf,https://api.imf.org/external/sdmx/2.1/data/IL/ARG.TRGMV_REVS.USD.M?detail=full&startPeriod=2000-01,ARG,TRGMV_REVS,USD,M
2017-08-01,49240290916.76228,49240.290916762286,argentina,ARG,imf,https://api.imf.org/external/sdmx/2.1/data/IL/ARG.TRGMV_REVS.USD.M?detail=full&startPeriod=2000-01,ARG,TRGMV_REVS,USD,M
2017-09-01,50169072247.12574,50169.07224712574,argentina,ARG,imf,https://api.imf.org/external/sdmx/2.1/data/IL/ARG.TRGMV_REVS.USD.M?detail=full&startPeriod=2000-01,ARG,TRGMV_REVS,USD,M
2017-10-01,51687776369.52243,51687.77636952243,argentina,ARG,imf,https://api.imf.org/external/sdmx/2.1/data/IL/ARG.TRGMV_REVS.USD.M?detail=full&startPeriod=2000-01,ARG,TRGMV_REVS,USD,M
2017-11-01,54721666744.47711,54721.66674447711,argentina,ARG,imf,https://api.imf.org/external/sdmx/2.1/data/IL/ARG.TRGMV_REVS.USD.M?detail=full&startPeriod=2000-01,ARG,TRGMV_REVS,USD,M
2017-12-01,55314409205.21889,55314.409205218886,argentina,ARG,imf,https://api.imf.org/external/sdmx/2.1/data/IL/ARG.TRGMV_REVS.USD.M?detail=full&startPeriod=2000-01,ARG,TRGMV_REVS,USD,M
2018-01-01,62397714723.59036,62397.71472359036,argentina,ARG,imf,https://api.imf.org/external/sdmx/2.1/data/IL/ARG.TRGMV_REVS.USD.M?detail=full&startPeriod=2000-01,ARG,TRGMV_REVS,USD,M
2018-02-01,61907884773.78414,61907.88477378414,argentina,ARG,imf,https://api.imf.org/external/sdmx/2.1/data/IL/ARG.TRGMV_REVS.USD.M?detail=full&startPeriod=2000-01,ARG,TRGMV_REVS,USD,M
2018-03-01,62027969788.57653,62027.96978857653,argentina,ARG,imf,https://api.imf.org/external/sdmx/2.1/data/IL/ARG.TRGMV_REVS.USD.M?detail=full&startPeriod=2000-01,ARG,TRGMV_REVS,USD,M
2018-04-01,56329357688.94499,56329.35768894499,argentina,ARG,imf,https://api.imf.org/external/sdmx/2.1/data/IL/ARG.TRGMV_REVS.USD.M?detail=full&startPeriod=2000-01,ARG,TRGMV_REVS,USD,M
2018-05-01,50180910362.60565,50180.91036260565,argentina,ARG,imf,https://api.imf.org/external/sdmx/2.1/data/IL/ARG.TRGMV_REVS.USD.M?detail=full&startPeriod=2000-01,ARG,TRGMV_REVS,USD,M
2018-06-01,61750340463.94968,61750.34046394967,argentina,ARG,imf,https://api.imf.org/external/sdmx/2.1/data/IL/ARG.TRGMV_REVS.USD.M?detail=full&startPeriod=2000-01,ARG,TRGMV_REVS,USD,M
2018-07-01,57924610208.20572,57924.61020820572,argentina,ARG,imf,https://api.imf.org/external/sdmx/2.1/data/IL/ARG.TRGMV_REVS.USD.M?detail=full&startPeriod=2000-01,ARG,TRGMV_REVS,USD,M
2018-08-01,52640318071.49468,52640.31807149468,argentina,ARG,imf,https://api.imf.org/external/sdmx/2.1/data/IL/ARG.TRGMV_REVS.USD.M?detail=full&startPeriod=2000-01,ARG,TRGMV_REVS,USD,M
2018-09-01,48819861021.92035,48819.86102192035,argentina,ARG,imf,https://api.imf.org/external/sdmx/2.1/data/IL/ARG.TRGMV_REVS.USD.M?detail=full&startPeriod=2000-01,ARG,TRGMV_REVS,USD,M
2018-10-01,53921613351.14559,53921.61335114559,argentina,ARG,imf,https://api.imf.org/external/sdmx/2.1/data/IL/ARG.TRGMV_REVS.USD.M?detail=full&startPeriod=2000-01,ARG,TRGMV_REVS,USD,M
2018-11-01,51146649997.38823,51146.64999738823,argentina,ARG,imf,https://api.imf.org/external/sdmx/2.1/data/IL/ARG.TRGMV_REVS.USD.M?detail=full&startPeriod=2000-01,ARG,TRGMV_REVS,USD,M
2018-12-01,66221501691.44181,66221.50169144181,argentina,ARG,imf,https://api.imf.org/external/sdmx/2.1/data/IL/ARG.TRGMV_REVS.USD.M?detail=full&startPeriod=2000-01,ARG,TRGMV_REVS,USD,M
2019-01-01,66862812805.71355,66862.81280571355,argentina,ARG,imf,https://api.imf.org/external/sdmx/2.1/data/IL/ARG.TRGMV_REVS.USD.M?detail=full&startPeriod=2000-01,ARG,TRGMV_REVS,USD,M
2019-02-01,67746881702.94051,67746.88170294052,argentina,ARG,imf,https://api.imf.org/external/sdmx/2.1/data/IL/ARG.TRGMV_REVS.USD.M?detail=full&startPeriod=2000-01,ARG,TRGMV_REVS,USD,M
2019-03-01,66061086053.41986,66061.08605341986,argentina,ARG,imf,https://api.imf.org/external/sdmx/2.1/data/IL/ARG.TRGMV_REVS.USD.M?detail=full&startPeriod=2000-01,ARG,TRGMV_REVS,USD,M
2019-04-01,71577887612.97575,71577.88761297576,argentina,ARG,imf,https://api.imf.org/external/sdmx/2.1/data/IL/ARG.TRGMV_REVS.USD.M?detail=full&startPeriod=2000-01,ARG,TRGMV_REVS,USD,M
2019-05-01,65063798106.05369,65063.79810605369,argentina,ARG,imf,https://api.imf.org/external/sdmx/2.1/data/IL/ARG.TRGMV_REVS.USD.M?detail=full&startPeriod=2000-01,ARG,TRGMV_REVS,USD,M
2019-06-01,64505415577.26377,64505.41557726377,argentina,ARG,imf,https://api.imf.org/external/sdmx/2.1/data/IL/ARG.TRGMV_REVS.USD.M?detail=full&startPeriod=2000-01,ARG,TRGMV_REVS,USD,M
2019-07-01,67764342406.95054,67764.34240695054,argentina,ARG,imf,https://api.imf.org/external/sdmx/2.1/data/IL/ARG.TRGMV_REVS.USD.M?detail=full&startPeriod=2000-01,ARG,TRGMV_REVS,USD,M
2019-08-01,54191921575.65364,54191.92157565364,argentina,ARG,imf,https://api.imf.org/external/sdmx/2.1/data/IL/ARG.TRGMV_REVS.USD.M?detail=full&startPeriod=2000-01,ARG,TRGMV_REVS,USD,M
2019-09-01,48711785260.61156,48711.785260611556,argentina,ARG,imf,https://api.imf.org/external/sdmx/2.1/data/IL/ARG.TRGMV_REVS.USD.M?detail=full&startPeriod=2000-01,ARG,TRGMV_REVS,USD,M
2019-10-01,43263705243.41873,43263.70524341873,argentina,ARG,imf,https://api.imf.org/external/sdmx/2.1/data/IL/ARG.TRGMV_REVS.USD.M?detail=full&startPeriod=2000-01,ARG,TRGMV_REVS,USD,M
2019-11-01,43753568115.88013,43753.56811588012,argentina,ARG,imf,https://api.imf.org/external/sdmx/2.1/data/IL/ARG.TRGMV_REVS.USD.M?detail=full&startPeriod=2000-01,ARG,TRGMV_REVS,USD,M
2019-12-01,44880566052.37028,44880.566052370275,argentina,ARG,imf,https://api.imf.org/external/sdmx/2.1/data/IL/ARG.TRGMV_REVS.USD.M?detail=full&startPeriod=2000-01,ARG,TRGMV_REVS,USD,M
2020-01-01,44975964716.64318,44975.96471664318,argentina,ARG,imf,https://api.imf.org/external/sdmx/2.1/data/IL/ARG.TRGMV_REVS.USD.M?detail=full&startPeriod=2000-01,ARG,TRGMV_REVS,USD,M
2020-02-01,44961578852.47698,44961.57885247698,argentina,ARG,imf,https://api.imf.org/external/sdmx/2.1/data/IL/ARG.TRGMV_REVS.USD.M?detail=full&startPeriod=2000-01,ARG,TRGMV_REVS,USD,M
2020-03-01,43470445728.07689,43470.44572807689,argentina,ARG,imf,https://api.imf.org/external/sdmx/2.1/data/IL/ARG.TRGMV_REVS.USD.M?detail=full&startPeriod=2000-01,ARG,TRGMV_REVS,USD,M
2020-04-01,43631622780.40629,43631.62278040629,argentina,ARG,imf,https://api.imf.org/external/sdmx/2.1/data/IL/ARG.TRGMV_REVS.USD.M?detail=full&startPeriod=2000-01,ARG,TRGMV_REVS,USD,M
2020-05-01,42572971782.65882,42572.971782658824,argentina,ARG,imf,https://api.imf.org/external/sdmx/2.1/data/IL/ARG.TRGMV_REVS.USD.M?detail=full&startPeriod=2000-01,ARG,TRGMV_REVS,USD,M
2020-06-01,43216203877.7127,43216.2038777127,argentina,ARG,imf,https://api.imf.org/external/sdmx/2.1/data/IL/ARG.TRGMV_REVS.USD.M?detail=full&startPeriod=2000-01,ARG,TRGMV_REVS,USD,M
2020-07-01,43486900716.156,43486.900716156,argentina,ARG,imf,https://api.imf.org/external/sdmx/2.1/data/IL/ARG.TRGMV_REVS.USD.M?detail=full&startPeriod=2000-01,ARG,TRGMV_REVS,USD,M
2020-08-01,42818507628.44185,42818.50762844185,argentina,ARG,imf,https://api.imf.org/external/sdmx/2.1/data/IL/ARG.TRGMV_REVS.USD.M?detail=full&startPeriod=2000-01,ARG,TRGMV_REVS,USD,M
2020-09-01,41374081705.56615,41374.08170556615,argentina,ARG,imf,https://api.imf.org/external/sdmx/2.1/data/IL/ARG.TRGMV_REVS.USD.M?detail=full&startPeriod=2000-01,ARG,TRGMV_REVS,USD,M
2020-10-01,39869468607.0087,39869.4686070087,argentina,ARG,imf,https://api.imf.org/external/sdmx/2.1/data/IL/ARG.TRGMV_REVS.USD.M?detail=full&startPeriod=2000-01,ARG,TRGMV_REVS,USD,M
2020-11-01,38611800318.27535,38611.80031827535,argentina,ARG,imf,https://api.imf.org/external/sdmx/2.1/data/IL/ARG.TRGMV_REVS.USD.M?detail=full&startPeriod=2000-01,ARG,TRGMV_REVS,USD,M
2020-12-01,39403734630.12281,39403.73463012281,argentina,ARG,imf,https://api.imf.org/external/sdmx/2.1/data/IL/ARG.TRGMV_REVS.USD.M?detail=full&startPeriod=2000-01,ARG,TRGMV_REVS,USD,M
2021-01-01,39507408664.05309,39507.408664053095,argentina,ARG,imf,https://api.imf.org/external/sdmx/2.1/data/IL/ARG.TRGMV_REVS.USD.M?detail=full&startPeriod=2000-01,ARG,TRGMV_REVS,USD,M
2021-02-01,39510421304.80599,39510.42130480599,argentina,ARG,imf,https://api.imf.org/external/sdmx/2.1/data/IL/ARG.TRGMV_REVS.USD.M?detail=full&startPeriod=2000-01,ARG,TRGMV_REVS,USD,M
2021-03-01,39409335136.15151,39409.33513615151,argentina,ARG,imf,https://api.imf.org/external/sdmx/2.1/data/IL/ARG.TRGMV_REVS.USD.M?detail=full&startPeriod=2000-01,ARG,TRGMV_REVS,USD,M
2021-04-01,40267600058.53951,40267.600058539516,argentina,ARG,imf,https://api.imf.org/external/sdmx/2.1/data/IL/ARG.TRGMV_REVS.USD.M?detail=full&startPeriod=2000-01,ARG,TRGMV_REVS,USD,M
2021-05-01,41858267242.74323,41858.26724274323,argentina,ARG,imf,https://api.imf.org/external/sdmx/2.1/data/IL/ARG.TRGMV_REVS.USD.M?detail=full&startPeriod=2000-01,ARG,TRGMV_REVS,USD,M
2021-06-01,42330618623.2153,42330.618623215305,argentina,ARG,imf,https://api.imf.org/external/sdmx/2.1/data/IL/ARG.TRGMV_REVS.USD.M?detail=full&startPeriod=2000-01,ARG,TRGMV_REVS,USD,M
2021-07-01,42623092934.57607,42623.092934576074,argentina,ARG,imf,https://api.imf.org/external/sdmx/2.1/data/IL/ARG.TRGMV_REVS.USD.M?detail=full&startPeriod=2000-01,ARG,TRGMV_REVS,USD,M
2021-08-01,46172956833.46515,46172.95683346515,argentina,ARG,imf,https://api.imf.org/external/sdmx/2.1/data/IL/ARG.TRGMV_REVS.USD.M?detail=full&startPeriod=2000-01,ARG,TRGMV_REVS,USD,M
2021-09-01,42813409362.55191,42813.40936255191,argentina,ARG,imf,https://api.imf.org/external/sdmx/2.1/data/IL/ARG.TRGMV_REVS.USD.M?detail=full&startPeriod=2000-01,ARG,TRGMV_REVS,USD,M
2021-10-01,42777348009.62116,42777.348009621164,argentina,ARG,imf,https://api.imf.org/external/sdmx/2.1/data/IL/ARG.TRGMV_REVS.USD.M?detail=full&startPeriod=2000-01,ARG,TRGMV_REVS,USD,M
2021-11-01,41590487246.47982,41590.48724647982,argentina,ARG,imf,https://api.imf.org/external/sdmx/2.1/data/IL/ARG.TRGMV_REVS.USD.M?detail=full&startPeriod=2000-01,ARG,TRGMV_REVS,USD,M
2021-12-01,39653498610.7828,39653.4986107828,argentina,ARG,imf,https://api.imf.org/external/sdmx/2.1/data/IL/ARG.TRGMV_REVS.USD.M?detail=full&startPeriod=2000-01,ARG,TRGMV_REVS,USD,M
2022-01-01,37588459580.96464,37588.459580964634,argentina,ARG,imf,https://api.imf.org/external/sdmx/2.1/data/IL/ARG.TRGMV_REVS.USD.M?detail=full&startPeriod=2000-01,ARG,TRGMV_REVS,USD,M
2022-02-01,37070827889.94703,37070.82788994703,argentina,ARG,imf,https://api.imf.org/external/sdmx/2.1/data/IL/ARG.TRGMV_REVS.USD.M?detail=full&startPeriod=2000-01,ARG,TRGMV_REVS,USD,M
2022-03-01,43132106504.38359,43132.10650438359,argentina,ARG,imf,https://api.imf.org/external/sdmx/2.1/data/IL/ARG.TRGMV_REVS.USD.M?detail=full&startPeriod=2000-01,ARG,TRGMV_REVS,USD,M
2022-04-01,41993250166.29814,41993.250166298145,argentina,ARG,imf,https://api.imf.org/external/sdmx/2.1/data/IL/ARG.TRGMV_REVS.USD.M?detail=full&startPeriod=2000-01,ARG,TRGMV_REVS,USD,M
2022-05-01,41559497973.26439,41559.49797326439,argentina,ARG,imf,https://api.imf.org/external/sdmx/2.1/data/IL/ARG.TRGMV_REVS.USD.M?detail=full&startPeriod=2000-01,ARG,TRGMV_REVS,USD,M
2022-06-01,42753606286.6312,42753.606286631206,argentina,ARG,imf,https://api.imf.org/external/sdmx/2.1/data/IL/ARG.TRGMV_REVS.USD.M?detail=full&startPeriod=2000-01,ARG,TRGMV_REVS,USD,M
2022-07-01,38193643090.16209,38193.643090162084,argentina,ARG,imf,https://api.imf.org/external/sdmx/2.1/data/IL/ARG.TRGMV_REVS.USD.M?detail=full&startPeriod=2000-01,ARG,TRGMV_REVS,USD,M
2022-08-01,36722555436.3423,36722.5554363423,argentina,ARG,imf,https://api.imf.org/external/sdmx/2.1/data/IL/ARG.TRGMV_REVS.USD.M?detail=full&startPeriod=2000-01,ARG,TRGMV_REVS,USD,M
2022-09-01,37607998609.13442,37607.998609134425,argentina,ARG,imf,https://api.imf.org/external/sdmx/2.1/data/IL/ARG.TRGMV_REVS.USD.M?detail=full&startPeriod=2000-01,ARG,TRGMV_REVS,USD,M
2022-10-01,38664958919.24092,38664.95891924092,argentina,ARG,imf,https://api.imf.org/external/sdmx/2.1/data/IL/ARG.TRGMV_REVS.USD.M?detail=full&startPeriod=2000-01,ARG,TRGMV_REVS,USD,M
2022-11-01,38127546502.56006,38127.54650256006,argentina,ARG,imf,https://api.imf.org/external/sdmx/2.1/data/IL/ARG.TRGMV_REVS.USD.M?detail=full&startPeriod=2000-01,ARG,TRGMV_REVS,USD,M
2022-12-01,44795335171.51524,44795.335171515246,argentina,ARG,imf,https://api.imf.org/external/sdmx/2.1/data/IL/ARG.TRGMV_REVS.USD.M?detail=full&startPeriod=2000-01,ARG,TRGMV_REVS,USD,M
2023-01-01,41414977957.27417,41414.97795727417,argentina,ARG,imf,https://api.imf.org/external/sdmx/2.1/data/IL/ARG.TRGMV_REVS.USD.M?detail=full&startPeriod=2000-01,ARG,TRGMV_REVS,USD,M
2023-02-01,38653069019.99218,38653.06901999218,argentina,ARG,imf,https://api.imf.org/external/sdmx/2.1/data/IL/ARG.TRGMV_REVS.USD.M?detail=full&startPeriod=2000-01,ARG,TRGMV_REVS,USD,M
2023-03-01,39072487014.8654,39072.4870148654,argentina,ARG,imf,https://api.imf.org/external/sdmx/2.1/data/IL/ARG.TRGMV_REVS.USD.M?detail=full&startPeriod=2000-01,ARG,TRGMV_REVS,USD,M
2023-04-01,34955642896.90393,34955.64289690393,argentina,ARG,imf,https://api.imf.org/external/sdmx/2.1/data/IL/ARG.TRGMV_REVS.USD.M?detail=full&startPeriod=2000-01,ARG,TRGMV_REVS,USD,M
2023-05-01,32998842284.50206,32998.84228450206,argentina,ARG,imf,https://api.imf.org/external/sdmx/2.1/data/IL/ARG.TRGMV_REVS.USD.M?detail=full&startPeriod=2000-01,ARG,TRGMV_REVS,USD,M
2023-06-01,27925859492.773,27925.859492772997,argentina,ARG,imf,https://api.imf.org/external/sdmx/2.1/data/IL/ARG.TRGMV_REVS.USD.M?detail=full&startPeriod=2000-01,ARG,TRGMV_REVS,USD,M
2023-07-01,24044352594.76001,24044.35259476001,argentina,ARG,imf,https://api.imf.org/external/sdmx/2.1/data/IL/ARG.TRGMV_REVS.USD.M?detail=full&startPeriod=2000-01,ARG,TRGMV_REVS,USD,M
2023-08-01,27868927725.0225,27868.9277250225,argentina,ARG,imf,https://api.imf.org/external/sdmx/2.1/data/IL/ARG.TRGMV_REVS.USD.M?detail=full&startPeriod=2000-01,ARG,TRGMV_REVS,USD,M
2023-09-01,27029157481.7125,27029.1574817125,argentina,ARG,imf,https://api.imf.org/external/sdmx/2.1/data/IL/ARG.TRGMV_REVS.USD.M?detail=full&startPeriod=2000-01,ARG,TRGMV_REVS,USD,M
2023-10-01,22680570348.60169,22680.57034860169,argentina,ARG,imf,https://api.imf.org/external/sdmx/2.1/data/IL/ARG.TRGMV_REVS.USD.M?detail=full&startPeriod=2000-01,ARG,TRGMV_REVS,USD,M
2023-11-01,21522140268.72098,21522.14026872098,argentina,ARG,imf,https://api.imf.org/external/sdmx/2.1/data/IL/ARG.TRGMV_REVS.USD.M?detail=full&startPeriod=2000-01,ARG,TRGMV_REVS,USD,M
2023-12-01,23080560550.29463,23080.560550294627,argentina,ARG,imf,https://api.imf.org/external/sdmx/2.1/data/IL/ARG.TRGMV_REVS.USD.M?detail=full&startPeriod=2000-01,ARG,TRGMV_REVS,USD,M
2024-01-01,27649013820.38256,27649.01382038256,argentina,ARG,imf,https://api.imf.org/external/sdmx/2.1/data/IL/ARG.TRGMV_REVS.USD.M?detail=full&startPeriod=2000-01,ARG,TRGMV_REVS,USD,M
2024-02-01,26674654626.60962,26674.65462660962,argentina,ARG,imf,https://api.imf.org/external/sdmx/2.1/data/IL/ARG.TRGMV_REVS.USD.M?detail=full&startPeriod=2000-01,ARG,TRGMV_REVS,USD,M
2024-03-01,27137038070.0581,27137.0380700581,argentina,ARG,imf,https://api.imf.org/external/sdmx/2.1/data/IL/ARG.TRGMV_REVS.USD.M?detail=full&startPeriod=2000-01,ARG,TRGMV_REVS,USD,M
2024-04-01,27600483361.3338,27600.4833613338,argentina,ARG,imf,https://api.imf.org/external/sdmx/2.1/data/IL/ARG.TRGMV_REVS.USD.M?detail=full&startPeriod=2000-01,ARG,TRGMV_REVS,USD,M
2024-05-01,28734620616.33271,28734.62061633271,argentina,ARG,imf,https://api.imf.org/external/sdmx/2.1/data/IL/ARG.TRGMV_REVS.USD.M?detail=full&startPeriod=2000-01,ARG,TRGMV_REVS,USD,M
2024-06-01,28974958179.88596,28974.958179885958,argentina,ARG,imf,https://api.imf.org/external/sdmx/2.1/data/IL/ARG.TRGMV_REVS.USD.M?detail=full&startPeriod=2000-01,ARG,TRGMV_REVS,USD,M
2024-07-01,26380188268.95871,26380.18826895871,argentina,ARG,imf,https://api.imf.org/external/sdmx/2.1/data/IL/ARG.TRGMV_REVS.USD.M?detail=full&startPeriod=2000-01,ARG,TRGMV_REVS,USD,M
2024-08-01,26701582412.56014,26701.58241256014,argentina,ARG,imf,https://api.imf.org/external/sdmx/2.1/data/IL/ARG.TRGMV_REVS.USD.M?detail=full&startPeriod=2000-01,ARG,TRGMV_REVS,USD,M
2024-09-01,27115507094.34796,27115.507094347962,argentina,ARG,imf,https://api.imf.org/external/sdmx/2.1/data/IL/ARG.TRGMV_REVS.USD.M?detail=full&startPeriod=2000-01,ARG,TRGMV_REVS,USD,M
2024-10-01,28616330691.3722,28616.3306913722,argentina,ARG,imf,https://api.imf.org/external/sdmx/2.1/data/IL/ARG.TRGMV_REVS.USD.M?detail=full&startPeriod=2000-01,ARG,TRGMV_REVS,USD,M
2024-11-01,30246108064.00406,30246.10806400406,argentina,ARG,imf,https://api.imf.org/external/sdmx/2.1/data/IL/ARG.TRGMV_REVS.USD.M?detail=full&startPeriod=2000-01,ARG,TRGMV_REVS,USD,M
2024-12-01,29559610350.78309,29559.61035078309,argentina,ARG,imf,https://api.imf.org/external/sdmx/2.1/data/IL/ARG.TRGMV_REVS.USD.M?detail=full&startPeriod=2000-01,ARG,TRGMV_REVS,USD,M
2025-01-01,28339906923.26204,28339.90692326204,argentina,ARG,imf,https://api.imf.org/external/sdmx/2.1/data/IL/ARG.TRGMV_REVS.USD.M?detail=full&startPeriod=2000-01,ARG,TRGMV_REVS,USD,M
2025-02-01,28094161917.29588,28094.161917295878,argentina,ARG,imf,https://api.imf.org/external/sdmx/2.1/data/IL/ARG.TRGMV_REVS.USD.M?detail=full&startPeriod=2000-01,ARG,TRGMV_REVS,USD,M
2025-03-01,25139949057.75003,25139.94905775003,argentina,ARG,imf,https://api.imf.org/external/sdmx/2.1/data/IL/ARG.TRGMV_REVS.USD.M?detail=full&startPeriod=2000-01,ARG,TRGMV_REVS,USD,M
2025-04-01,39030375553.00675,39030.37555300675,argentina,ARG,imf,https://api.imf.org/external/sdmx/2.1/data/IL/ARG.TRGMV_REVS.USD.M?detail=full&startPeriod=2000-01,ARG,TRGMV_REVS,USD,M
2025-05-01,37006056928.18548,37006.05692818548,argentina,ARG,imf,https://api.imf.org/external/sdmx/2.1/data/IL/ARG.TRGMV_REVS.USD.M?detail=full&startPeriod=2000-01,ARG,TRGMV_REVS,USD,M
2025-06-01,39999382544.19022,39999.38254419022,argentina,ARG,imf,https://api.imf.org/external/sdmx/2.1/data/IL/ARG.TRGMV_REVS.USD.M?detail=full&startPeriod=2000-01,ARG,TRGMV_REVS,USD,M
2025-07-01,38753750876.59095,38753.75087659095,argentina,ARG,imf,https://api.imf.org/external/sdmx/2.1/data/IL/ARG.TRGMV_REVS.USD.M?detail=full&startPeriod=2000-01,ARG,TRGMV_REVS,USD,M
2025-08-01,40031159134.27449,40031.15913427449,argentina,ARG,imf,https://api.imf.org/external/sdmx/2.1/data/IL/ARG.TRGMV_REVS.USD.M?detail=full&startPeriod=2000-01,ARG,TRGMV_REVS,USD,M
2025-09-01,40751871392.08304,40751.87139208304,argentina,ARG,imf,https://api.imf.org/external/sdmx/2.1/data/IL/ARG.TRGMV_REVS.USD.M?detail=full&startPeriod=2000-01,ARG,TRGMV_REVS,USD,M
2025-10-01,39577693894.80573,39577.693894805736,argentina,ARG,imf,https://api.imf.org/external/sdmx/2.1/data/IL/ARG.TRGMV_REVS.USD.M?detail=full&startPeriod=2000-01,ARG,TRGMV_REVS,USD,M
2025-11-01,40516239876.33322,40516.239876333224,argentina,ARG,imf,https://api.imf.org/external/sdmx/2.1/data/IL/ARG.TRGMV_REVS.USD.M?detail=full&startPeriod=2000-01,ARG,TRGMV_REVS,USD,M
2025-12-01,40998763986.63383,40998.76398663383,argentina,ARG,imf,https://api.imf.org/external/sdmx/2.1/data/IL/ARG.TRGMV_REVS.USD.M?detail=full&startPeriod=2000-01,ARG,TRGMV_REVS,USD,M
2026-01-01,44701785685.61496,44701.78568561496,argentina,ARG,imf,https://api.imf.org/external/sdmx/2.1/data/IL/ARG.TRGMV_REVS.USD.M?detail=full&startPeriod=2000-01,ARG,TRGMV_REVS,USD,M
